<?xml version="1.0"?>
<opencv_storage>
<T type_id="opencv-matrix">
  <rows>4</rows>
  <cols>4</cols>
  <dt>d</dt>
  <data>
    5.5557023301960229e-01 -8.3146961230254524e-01 0.
    7.0000000000000029e-01 8.3146961230254524e-01 5.5557023301960229e-01
    0. 1.0749999999999997e+00 0. 0. 1. 7.5000000000000000e-01 0. 0. 0.
    1.</data></T>
</opencv_storage>
