<?xml version="1.0"?>
<opencv_storage>
<T type_id="opencv-matrix">
  <rows>4</rows>
  <cols>4</cols>
  <dt>d</dt>
  <data>
    1. 0. 0. 5.5000000000000016e-01 0. 1. 0. 1. 0. 0. 1.
    7.5000000000000000e-01 0. 0. 0. 1.</data></T>
</opencv_storage>
