<?xml version="1.0"?>
<opencv_storage>
<T type_id="opencv-matrix">
  <rows>4</rows>
  <cols>4</cols>
  <dt>d</dt>
  <data>
    2.2204460492503131e-16 -1. 0. 4.7500000000000014e-01 1.
    2.2204460492503131e-16 0. 1.0749999999999997e+00 0. 0. 1.
    7.5000000000000000e-01 0. 0. 0. 1.</data></T>
</opencv_storage>
