<?xml version="1.0"?>
<opencv_storage>
<T type_id="opencv-matrix">
  <rows>4</rows>
  <cols>4</cols>
  <dt>d</dt>
  <data>
    9.2387953251128674e-01 -3.8268343236508973e-01 0.
    1.4999999999999999e-01 3.8268343236508973e-01 9.2387953251128674e-01
    0. 1.0999999999999996e+00 0. 0. 1. 7.5000000000000000e-01 0. 0. 0.
    1.</data></T>
</opencv_storage>
