<?xml version="1.0"?>
<opencv_storage>
<T type_id="opencv-matrix">
  <rows>4</rows>
  <cols>4</cols>
  <dt>d</dt>
  <data>
    9.8078528040323054e-01 -1.9509032201612828e-01 0.
    6.5000000000000024e-01 1.9509032201612828e-01 9.8078528040323054e-01
    0. 1.0249999999999999e+00 0. 0. 1. 7.5000000000000000e-01 0. 0. 0.
    1.</data></T>
</opencv_storage>
