<?xml version="1.0"?>
<opencv_storage>
<T type_id="opencv-matrix">
  <rows>4</rows>
  <cols>4</cols>
  <dt>d</dt>
  <data>
    8.3146961230254524e-01 -5.5557023301960218e-01 0.
    4.0000000000000008e-01 5.5557023301960218e-01 8.3146961230254524e-01
    0. 1.0249999999999999e+00 0. 0. 9.9999999999999989e-01
    7.5000000000000000e-01 0. 0. 0. 1.</data></T>
</opencv_storage>
