<?xml version="1.0"?>
<opencv_storage>
<T type_id="opencv-matrix">
  <rows>4</rows>
  <cols>4</cols>
  <dt>d</dt>
  <data>
    -8.3146961230254546e-01 -5.5557023301960218e-01 0.
    6.2500000000000022e-01 5.5557023301960218e-01
    -8.3146961230254546e-01 0. 1.0499999999999998e+00 0. 0.
    1.0000000000000002e+00 7.5000000000000000e-01 0. 0. 0. 1.</data></T>
</opencv_storage>
